>res/FICHIER_PROJET/42.jpg

0 7494
42 6666
21 5482
63 5480
1 1065
16 1004
26 892
47 864
22 864
41 854
20 820
62 809
37 806
5 744
43 528
58 485
6 371
17 326
27 316
36 316
38 297
25 284
57 266
4 232
61 219
59 213
46 212
32 196
2 193
31 190
40 144
10 122
53 118
23 109
52 95
9 79
11 73
18 70
7 67
33 65
56 64
60 53
48 51
54 50
24 48
39 45
45 45
30 41
3 33
34 23
15 21
8 19
29 17
49 13
44 12
55 10
19 8
14 5
13 5
50 3
28 3
12 1
>res/FICHIER_PROJET/21.jpg

21 13609
0 12949
42 3581
63 1206
22 845
37 820
41 663
26 508
58 433
25 403
62 399
38 385
47 354
27 327
43 295
1 274
23 270
46 257
53 251
57 247
16 247
5 230
31 208
20 207
61 167
30 98
45 96
59 69
4 67
29 53
17 52
39 46
36 46
32 33
54 26
52 25
7 24
56 23
6 23
15 19
19 17
2 17
40 17
11 15
33 12
3 12
10 11
24 10
48 9
14 9
18 8
60 5
44 4
9 4
55 3
34 3
13 2
50 2
35 2
49 1
8 1
28 1
>res/FICHIER_PROJET/61.bmp

42 14014
0 1239
32 38
10 29
40 21
2 16
8 3
>res/FICHIER_PROJET/51.bmp

60 13835
63 6532
0 285
48 27
3 23
15 18
>res/FICHIER_PROJET/11.jpg

0 7830
42 6123
21 6097
63 2091
1 1701
16 1490
26 1464
5 1293
22 1251
41 1245
20 1066
37 993
47 684
43 682
62 592
6 484
36 480
58 474
25 434
17 425
4 344
38 341
46 302
32 284
40 203
57 199
27 194
2 148
61 117
59 110
10 107
56 84
52 82
53 68
33 58
31 51
24 47
45 39
11 36
18 35
23 33
30 33
9 31
48 28
7 28
60 25
54 22
39 10
34 8
49 7
8 6
44 5
15 4
3 4
50 3
29 2
14 1
28 1
19 1
>res/FICHIER_PROJET/22.jpg

42 10889
63 10084
0 6331
21 3697
26 694
41 622
1 596
47 565
62 550
16 517
43 481
58 462
22 407
37 359
36 330
6 321
5 317
32 257
20 222
40 211
2 203
10 183
17 174
46 156
38 110
4 108
25 101
59 96
31 94
61 88
27 77
56 75
11 62
57 56
7 52
52 50
33 47
60 40
18 37
53 33
48 27
23 24
45 20
24 20
39 19
9 19
54 18
30 16
15 14
34 13
49 13
55 10
3 8
8 5
35 4
50 3
12 3
51 2
14 2
19 2
44 2
29 1
13 1
>res/FICHIER_PROJET/32.jpg

0 11975
21 10229
42 2158
1 1562
16 1503
5 1389
20 1374
63 1357
37 1008
22 933
26 795
41 780
17 683
4 611
25 553
38 295
43 236
47 236
62 222
58 206
46 189
6 187
36 172
57 122
27 122
32 100
2 93
59 73
23 68
40 62
53 60
10 54
9 54
30 51
31 51
61 51
24 49
45 45
33 44
7 27
18 27
39 23
52 23
54 22
56 19
11 18
48 17
8 14
29 14
60 13
3 6
49 5
19 4
34 3
55 3
44 2
13 2
12 1
28 1
51 1
14 1
35 1
15 1
>res/FICHIER_PROJET/52.bmp

60 13844
63 6528
0 249
3 33
15 33
48 32
12 1
>res/FICHIER_PROJET/12.jpg

0 7883
21 2583
1 2578
16 2281
5 1714
20 1581
26 1514
22 1498
42 1382
6 1367
41 1341
37 1298
25 1185
17 1157
36 1039
4 917
32 766
38 672
40 551
2 538
24 468
27 420
33 413
46 368
10 367
9 282
57 274
43 267
58 263
47 221
18 209
45 206
62 168
53 163
23 161
30 161
52 153
7 150
56 137
61 135
11 130
8 128
31 119
63 114
29 92
54 87
34 86
48 79
39 69
59 59
44 51
49 36
60 33
28 22
3 18
55 10
50 9
13 8
15 7
19 5
14 4
12 2
35 1
>res/FICHIER_PROJET/31.jpg

0 14990
21 13014
42 6896
1 668
16 607
20 576
5 563
63 540
22 329
26 315
41 313
37 300
4 138
17 123
25 88
58 73
38 67
43 63
47 52
62 49
36 44
6 41
40 29
32 25
10 22
2 20
46 17
33 7
57 6
59 6
9 5
31 3
18 3
34 2
7 2
27 2
45 1
11 1
>res/FICHIER_PROJET/62.bmp

16 11001
21 3550
0 1599
5 81
20 77
1 76
>res/FICHIER_PROJET/41.jpg

21 15226
0 12668
16 1325
42 1317
1 1243
5 1101
20 1088
41 568
37 568
22 531
17 518
26 503
4 493
25 321
6 240
36 213
63 192
38 187
2 173
32 154
40 115
47 106
10 106
62 88
24 73
27 73
58 72
43 66
57 64
9 57
61 51
33 51
18 46
31 42
46 41
53 36
7 33
52 31
11 28
23 27
56 27
8 20
45 17
30 15
29 11
34 10
59 10
3 9
54 9
48 4
15 4
49 4
14 4
12 3
60 3
13 3
35 3
51 2
39 2
44 2
19 2
55 1
>res/FICHIER_PROJET/01.jpg

42 12510
21 6013
41 2171
26 2098
37 1805
22 1799
63 1707
0 1231
38 1143
43 1055
58 1039
25 928
62 709
47 701
46 672
5 656
20 645
16 559
1 533
17 417
59 287
6 212
36 208
4 127
27 98
57 89
10 70
40 56
2 53
18 43
32 43
33 42
24 30
31 27
53 25
45 25
9 24
61 23
54 21
23 20
39 17
30 16
52 10
11 9
34 8
7 4
8 4
56 4
44 3
3 2
29 2
49 1
14 1
55 1
50 1
60 1
13 1
48 1
>res/FICHIER_PROJET/02.jpg

21 9382
0 8680
42 5717
37 1419
22 1403
41 1394
26 1361
16 1328
1 1281
5 1264
20 1224
63 926
25 671
38 542
17 472
58 360
43 329
4 309
47 300
62 276
46 234
36 212
6 204
27 97
57 86
59 80
32 76
2 69
40 59
10 58
23 25
31 18
9 17
53 17
18 15
61 14
24 13
11 11
56 9
33 9
3 6
30 6
7 6
52 5
45 4
15 4
54 2
39 2
19 1
14 1
34 1
29 1
