>res/FICHIER_PROJET/42.txt?Mon Jan 16 13:19:26 2017
63 1722
0 1478
33 980
41 931
25 891
31 884
23 867
40 858
24 849
32 812
12 807
34 794
43 789
42 789
26 787
27 736
39 733
11 732
35 723
1 708
13 704
36 685
30 657
2 655
37 651
38 648
3 640
62 625
4 624
28 612
29 609
14 589
61 585
22 581
10 567
5 566
44 537
6 519
19 510
59 506
18 505
15 502
16 502
21 501
7 499
58 497
20 492
60 492
17 491
9 470
8 464
57 459
56 448
45 418
46 373
55 369
54 357
47 352
49 343
53 323
48 318
52 317
50 292
51 276
>res/FICHIER_PROJET/21.txt?Mon Jan 16 13:19:26 2017
2 3024
26 2145
27 2027
9 1973
1 1871
28 1682
29 1654
25 1623
10 1521
7 1446
30 1319
24 1264
31 1201
8 1094
32 1054
23 1048
22 902
33 869
34 778
21 595
35 562
6 556
36 461
3 460
37 436
20 376
19 330
39 319
38 318
11 308
40 279
18 271
63 266
41 248
43 238
4 233
12 229
42 225
17 220
5 215
44 212
14 211
46 209
16 206
45 204
13 204
47 202
62 197
49 196
51 194
48 194
53 181
52 180
15 180
57 177
50 176
56 170
60 168
54 166
61 161
55 161
58 140
59 139
0 132
>res/FICHIER_PROJET/61.txt?Mon Jan 16 13:19:26 2017
47 14073
0 1287
>res/FICHIER_PROJET/51.txt?Mon Jan 16 13:19:26 2017
63 20394
0 326
>res/FICHIER_PROJET/11.txt?Mon Jan 16 13:19:26 2017
0 1079
6 848
25 848
5 843
31 840
32 831
22 829
23 828
24 822
36 820
27 820
29 815
34 810
35 797
30 796
33 792
4 788
26 785
28 780
37 775
8 771
18 768
21 761
7 759
13 758
3 756
41 756
9 756
39 753
19 744
16 740
20 740
40 733
38 721
15 718
42 711
17 708
11 697
12 691
10 690
43 687
14 687
44 657
2 649
45 576
46 541
1 527
49 503
47 497
48 469
50 414
51 388
52 343
53 284
54 275
55 227
56 206
57 177
58 149
63 118
59 111
60 89
61 81
62 68
>res/FICHIER_PROJET/22.txt?Mon Jan 16 13:19:27 2017
63 1376
39 1227
38 1108
46 1008
41 1006
45 1005
40 999
43 987
44 986
42 952
0 889
47 884
48 880
49 867
37 826
24 817
50 801
36 744
51 720
1 707
62 697
10 691
52 686
60 665
61 652
55 651
35 649
34 639
57 628
53 618
56 613
2 608
54 606
58 590
9 562
59 557
33 555
3 535
8 526
32 510
11 487
4 461
31 452
30 436
5 433
7 411
12 410
6 402
29 396
13 393
25 393
27 378
23 367
28 365
15 357
14 353
26 335
16 322
20 314
19 308
22 308
21 302
18 295
17 295
>res/FICHIER_PROJET/32.txt?Mon Jan 16 13:19:27 2017
8 1522
9 1495
15 1400
14 1396
13 1385
10 1383
16 1373
11 1322
17 1315
12 1311
7 1281
18 1280
19 1239
20 1145
21 1125
6 1061
23 1059
24 1043
25 1021
22 983
26 907
27 856
28 843
5 814
30 783
29 766
31 719
32 675
4 599
33 589
34 552
35 463
3 428
36 395
37 356
38 349
40 296
39 276
0 240
2 225
51 216
44 216
42 215
41 213
50 209
52 204
43 195
47 191
46 190
48 189
45 183
49 180
54 165
53 153
57 138
59 134
1 133
56 126
55 118
58 116
60 91
61 72
63 52
62 31
>res/FICHIER_PROJET/52.txt?Mon Jan 16 13:19:27 2017
63 20404
0 316
>res/FICHIER_PROJET/12.txt?Mon Jan 16 13:19:27 2017
5 1221
6 1220
7 1200
9 1128
8 1105
4 1074
10 1068
12 1043
11 1040
13 995
14 959
3 929
18 920
15 918
0 913
20 886
17 880
27 877
19 875
21 872
16 862
23 857
26 854
25 843
22 832
29 812
24 794
28 772
31 765
30 755
32 735
2 727
33 726
35 708
34 702
36 666
37 605
38 591
39 569
1 553
40 541
41 511
43 493
42 482
45 388
44 377
46 337
47 300
48 274
49 234
50 217
51 181
52 175
53 133
56 94
54 93
55 86
57 60
58 44
59 44
60 29
63 21
62 18
61 17
>res/FICHIER_PROJET/31.txt?Mon Jan 16 13:19:27 2017
0 5485
11 1328
12 1252
10 1245
14 1155
13 1118
15 1089
16 1036
17 1030
23 1025
9 1009
24 998
18 985
28 968
22 965
19 956
20 954
27 947
25 936
21 909
26 903
29 869
30 834
36 824
34 804
35 768
37 750
31 745
33 741
32 685
8 630
38 617
39 589
1 583
40 470
41 365
7 362
42 298
2 282
43 267
6 241
4 233
3 222
5 216
44 197
45 182
46 148
48 116
47 111
49 88
50 76
51 68
53 55
52 50
56 40
57 32
54 27
55 26
61 19
63 18
60 17
59 15
58 15
62 12
>res/FICHIER_PROJET/62.txt?Mon Jan 16 13:19:27 2017
31 14628
0 1756
>res/FICHIER_PROJET/41.txt?Mon Jan 16 13:19:27 2017
17 1958
25 1911
23 1830
24 1780
18 1592
22 1562
0 1423
16 1414
19 1367
20 1335
21 1262
26 1258
11 1159
15 1119
10 1067
12 1055
7 1021
9 1017
14 1009
8 1007
13 996
6 979
1 961
5 885
4 848
3 845
27 798
2 794
28 600
29 438
30 354
31 342
32 327
34 313
35 305
33 297
36 271
37 264
38 255
39 239
41 225
40 197
42 195
43 155
44 115
45 105
47 79
46 78
48 60
50 59
52 48
53 45
49 43
57 40
55 37
56 36
51 36
54 35
59 33
60 32
61 30
58 22
62 20
63 18
>res/FICHIER_PROJET/01.txt?Mon Jan 16 13:19:27 2017
34 1500
36 1499
37 1453
35 1442
32 1435
38 1418
39 1392
33 1391
40 1390
31 1308
30 1260
41 1234
42 1212
29 1194
43 1134
44 1130
28 1110
45 1005
46 993
27 977
26 962
25 849
47 831
24 815
48 775
23 734
22 673
49 663
21 598
20 558
50 549
19 502
51 452
18 425
52 396
17 395
15 337
16 335
14 285
13 270
53 262
12 258
11 254
10 244
8 218
54 207
9 200
7 192
6 181
55 178
5 140
4 123
56 119
57 94
3 83
58 68
2 55
60 50
59 50
0 44
1 43
61 25
62 19
63 12