>data/FICHIER_PROJET/41.jpg

21 15226
0 12668
16 1325
42 1317
1 1243
5 1101
20 1088
41 568
37 568
22 531
17 518
26 503
4 493
25 321
6 240
36 213
63 192
38 187
2 173
32 154
40 115
47 106
10 106
62 88
24 73
27 73
58 72
43 66
57 64
9 57
61 51
33 51
18 46
31 42
46 41
53 36
7 33
52 31
11 28
23 27
56 27
8 20
45 17
30 15
29 11
34 10
59 10
3 9
54 9
48 4
15 4
49 4
14 4
12 3
60 3
13 3
35 3
51 2
39 2
44 2
19 2
55 1

>data/FICHIER_PROJET/08.jpg

21 9459
42 8435
37 1933
22 1879
26 1785
41 1706
20 1664
25 1571
5 1548
38 1306
17 1293
1 1012
16 992
0 916
43 655
58 640
46 603
4 582
6 307
47 233
36 205
62 188
59 178
63 120
33 119
24 118
18 86
9 83
32 47
10 43
57 38
40 36
27 32
2 31
45 27
54 27
8 18
34 16
30 15
39 14
53 12
29 8
61 6
23 4
55 3
28 2
56 1
44 1
52 1
60 1
31 1

>data/FICHIER_PROJET/04.jpg

0 11382
21 7172
42 5942
63 2105
16 1194
41 1093
1 1086
20 1081
37 1028
26 983
5 850
22 787
58 663
62 611
47 585
43 556
46 336
25 301
6 272
17 271
38 267
4 200
36 192
59 187
2 150
10 113
27 109
57 81
32 49
11 35
40 34
31 33
7 32
61 21
15 21
3 21
56 20
52 17
23 17
33 14
9 13
18 13
24 12
30 10
14 9
53 8
45 6
39 4
54 4
48 4
19 2
8 1
28 1
60 1
34 1

>data/FICHIER_PROJET/43.jpg

0 8361
21 8273
63 5872
42 4720
1 1094
16 1059
5 1019
22 986
26 908
20 895
41 882
37 840
47 546
62 524
58 412
43 406
25 279
17 276
38 276
4 234
27 208
36 204
6 201
57 185
46 166
61 127
32 126
31 103
59 79
40 73
53 73
23 71
52 64
2 62
56 51
15 39
10 34
3 34
45 29
33 24
7 22
39 20
30 19
60 17
11 17
54 12
48 12
9 11
24 8
18 8
49 7
29 7
55 6
34 5
19 4
14 3
28 2
44 2
8 1
35 1
13 1

>data/FICHIER_PROJET/33.jpg

0 14137
21 11685
42 3543
63 1007
22 970
37 921
41 818
26 794
5 661
20 650
1 604
16 601
25 492
38 408
47 350
62 337
58 323
43 308
17 292
46 251
59 211
4 159
27 75
57 72
36 66
6 52
61 24
32 22
53 20
40 19
31 18
2 14
39 11
9 11
23 10
45 9
54 8
10 8
30 7
24 7
52 6
18 5
56 4
55 3
7 3
33 2
11 1
48 1

>data/FICHIER_PROJET/25.jpg

42 13352
21 8567
63 6652
0 3386
41 586
16 585
20 556
37 554
22 524
1 523
26 506
5 493
58 467
62 462
47 456
43 423
17 282
4 224
25 167
38 122
46 108
59 107
36 101
6 79
2 75
10 51
57 50
27 43
18 42
31 41
23 36
32 34
40 29
9 28
15 23
33 23
3 19
56 19
24 18
11 18
61 16
39 15
8 14
30 14
48 13
60 11
45 11
34 11
53 10
55 9
54 9
7 9
14 6
52 6
29 4
49 3
35 2
44 2
50 1
13 1
51 1
19 1

>data/FICHIER_PROJET/44.jpg

42 16908
63 16208
21 2258
0 2080
62 319
47 307
58 271
43 262
41 153
37 139
26 135
22 95
46 83
16 78
20 76
1 74
57 65
59 62
5 58
38 48
31 40
27 38
23 35
6 24
17 21
39 20
61 17
36 16
25 14
53 13
30 11
10 10
18 10
4 9
54 7
45 6
2 5
9 5
29 4
11 4
40 3
34 2
33 2
7 2
52 2
32 1

>data/FICHIER_PROJET/52.bmp

63 19778
0 942

>data/FICHIER_PROJET/21.jpg

21 13609
0 12949
42 3581
63 1206
22 845
37 820
41 663
26 508
58 433
25 403
62 399
38 385
47 354
27 327
43 295
1 274
23 270
46 257
53 251
57 247
16 247
5 230
31 208
20 207
61 167
30 98
45 96
59 69
4 67
29 53
17 52
39 46
36 46
32 33
54 26
52 25
7 24
56 23
6 23
15 19
19 17
2 17
40 17
11 15
33 12
3 12
10 11
24 10
48 9
14 9
18 8
60 5
44 4
9 4
55 3
34 3
13 2
50 2
35 2
49 1
8 1
28 1

>data/FICHIER_PROJET/51.bmp

63 19726
0 994

>data/FICHIER_PROJET/24.jpg

0 12938
21 7374
42 4063
63 1695
16 1574
1 1485
20 1163
5 1144
41 1077
26 974
37 905
22 840
62 453
47 404
6 389
36 371
58 366
43 315
17 298
25 283
4 267
38 161
2 155
57 150
27 131
46 129
32 118
10 113
40 82
31 74
11 62
61 53
59 53
7 46
23 44
56 32
52 32
9 22
53 20
18 18
24 16
30 16
33 15
15 15
45 14
3 13
39 9
54 6
29 5
34 4
14 4
19 2
50 2
60 2
55 2
35 1
48 1

>data/FICHIER_PROJET/50.jpg

21 15969
0 6919
42 4865
63 1496
20 871
1 858
5 858
16 799
37 749
22 722
26 695
41 605
17 443
58 376
43 350
25 346
62 319
47 314
4 291
38 234
46 201
6 119
57 117
59 113
36 112
27 110
23 95
53 88
32 80
61 79
2 75
31 69
30 66
45 47
40 43
7 42
52 39
18 36
9 33
33 32
11 30
56 28
29 28
10 27
24 26
54 25
48 24
3 23
39 18
44 17
8 16
14 12
28 10
15 9
55 8
13 7
49 6
34 5
60 2
35 1
50 1
19 1
51 1

>data/FICHIER_PROJET/53.bmp

63 19734
0 986

>data/FICHIER_PROJET/48.jpg

0 19346
21 5223
42 3628
63 3429
1 772
16 750
37 747
22 740
26 724
41 707
5 594
20 571
47 399
62 357
4 259
43 203
59 184
58 178
17 159
25 87
6 86
38 81
27 77
32 55
31 54
61 50
36 49
57 46
46 43
53 38
2 37
48 34
7 29
60 28
56 25
10 24
23 21
40 20
52 18
11 17
24 16
45 12
9 11
33 10
44 8
15 8
3 7
18 7
30 6
8 5
55 5
29 3
54 3
49 3
39 3
34 2
19 1
14 1

>data/FICHIER_PROJET/47.jpg

42 19315
63 13062
21 3696
0 1596
62 320
43 300
47 294
58 291
26 174
41 174
37 167
22 146
16 50
5 46
20 45
46 44
59 43
1 39
38 36
25 30
31 14
36 14
23 13
17 12
61 9
4 9
6 8
27 8
53 8
57 8
3 5
32 4
10 4
15 4
9 3
24 2
45 2
7 1
40 1
30 1
54 1
2 1

>data/FICHIER_PROJET/37.jpg

21 15416
0 10461
42 6099
63 3867
16 470
1 462
20 381
5 363
37 311
41 285
26 281
22 278
62 162
47 161
58 132
43 118
4 62
25 60
17 55
36 54
38 53
6 52
2 47
32 36
57 36
27 30
46 28
61 26
31 26
40 24
7 23
11 22
59 21
10 19
56 12
52 12
53 9
23 7
45 5
18 5
15 4
60 4
3 4
30 4
48 3
8 3
9 2
33 1
24 1
51 1
50 1
55 1

>data/FICHIER_PROJET/07.jpg

21 9658
0 5889
37 2603
16 1773
41 1694
20 1548
62 1443
57 1160
1 1150
63 1036
23 984
31 960
58 947
36 885
22 849
5 808
17 760
6 591
27 570
2 551
26 507
47 459
25 418
10 360
46 329
42 310
30 309
7 284
4 211
11 191
18 133
9 115
15 106
3 90
61 63
53 50
32 43
19 37
14 28
40 21
24 16
38 13
39 8
52 8
56 5
29 4
45 3
50 2
28 2
49 2
44 2
48 2
60 2
8 2
59 1
34 1
33 1
55 1
43 1
13 1

>data/FICHIER_PROJET/59.bmp

42 12249
0 3111

>data/FICHIER_PROJET/57.bmp

21 11347
0 5037

>data/FICHIER_PROJET/60.bmp

42 11341
0 4019

>data/FICHIER_PROJET/62.bmp

21 11121
0 5263

>data/FICHIER_PROJET/32.jpg

0 11975
21 10229
42 2158
1 1562
16 1503
5 1389
20 1374
63 1357
37 1008
22 933
26 795
41 780
17 683
4 611
25 553
38 295
43 236
47 236
62 222
58 206
46 189
6 187
36 172
57 122
27 122
32 100
2 93
59 73
23 68
40 62
53 60
10 54
9 54
30 51
31 51
61 51
24 49
45 45
33 44
7 27
18 27
39 23
52 23
54 22
56 19
11 18
48 17
8 14
29 14
60 13
3 6
49 5
19 4
34 3
55 3
44 2
13 2
12 1
28 1
51 1
14 1
35 1
15 1

>data/FICHIER_PROJET/02.jpg

21 9382
0 8680
42 5717
37 1419
22 1403
41 1394
26 1361
16 1328
1 1281
5 1264
20 1224
63 926
25 671
38 542
17 472
58 360
43 329
4 309
47 300
62 276
46 234
36 212
6 204
27 97
57 86
59 80
32 76
2 69
40 59
10 58
23 25
31 18
9 17
53 17
18 15
61 14
24 13
11 11
56 9
33 9
3 6
30 6
7 6
52 5
45 4
15 4
54 2
39 2
19 1
14 1
34 1
29 1

>data/FICHIER_PROJET/26.jpg

63 9336
42 6547
21 4641
0 4422
16 998
41 937
20 937
37 916
62 896
1 875
47 819
26 816
58 778
5 761
22 756
43 750
17 503
46 434
38 414
25 401
4 369
59 365
6 262
36 250
57 205
2 181
27 148
10 130
31 123
61 89
32 88
40 77
23 75
53 62
11 62
7 54
18 54
30 44
9 44
3 40
45 39
33 39
56 37
39 34
15 33
52 30
54 28
24 25
14 16
34 14
55 13
8 10
29 8
19 6
60 2
35 2
44 2
28 1
49 1
48 1

>data/FICHIER_PROJET/15.jpg

0 13788
21 3864
42 3543
16 2267
1 2257
20 1911
63 1510
41 1455
37 1398
6 1134
5 989
26 914
62 754
58 635
47 613
27 583
22 489
36 427
57 262
46 152
4 136
31 134
43 109
17 108
7 108
2 96
25 87
11 71
10 36
32 30
23 26
38 22
40 21
59 11
61 11
56 7
30 6
24 6
48 5
44 5
53 4
33 4
28 2
18 2
9 1
19 1
45 1
3 1
14 1
60 1
49 1
52 1

>data/FICHIER_PROJET/30.jpg

0 14262
21 10216
42 8181
63 1317
1 791
16 722
20 584
5 570
41 396
26 393
37 373
22 360
4 267
17 218
47 158
58 154
25 140
43 138
62 138
38 129
6 69
36 66
32 54
40 53
2 36
46 35
10 34
59 25
24 17
53 13
9 12
61 11
57 10
18 9
33 8
31 7
27 6
56 4
7 4
11 3
45 3
15 2
39 2
52 2
8 2
34 1
3 1
30 1
54 1
23 1
14 1

>data/FICHIER_PROJET/35.jpg

0 14657
21 9016
42 4203
63 3016
37 827
16 788
1 787
20 732
41 692
22 678
5 634
26 617
62 469
47 432
58 366
43 270
27 169
38 156
17 148
57 147
6 131
25 130
4 108
36 103
46 89
31 80
2 61
59 54
61 50
23 50
32 47
7 46
11 37
53 30
40 26
10 23
52 17
56 15
9 15
30 12
18 12
45 9
39 9
15 7
3 7
24 6
54 5
33 5
8 3
48 3
34 2
29 2
60 1
14 1

>data/FICHIER_PROJET/05.jpg

63 6481
42 5746
0 3236
21 2985
43 2685
47 2450
58 1856
62 1768
46 1017
22 1008
26 998
1 837
61 764
5 706
16 632
57 622
27 572
37 489
53 423
23 407
38 395
59 392
52 374
30 269
54 261
17 260
4 254
56 224
32 219
25 201
20 191
45 187
41 186
31 161
29 110
36 93
6 86
2 57
48 49
7 47
10 44
39 42
60 36
3 34
33 27
11 19
44 17
9 16
14 15
40 12
13 11
18 10
55 9
34 3
19 2
49 2
35 1
8 1
51 1

>data/FICHIER_PROJET/63.bmp

21 15130
0 5270

>data/FICHIER_PROJET/12.jpg

0 7883
21 2583
1 2578
16 2281
5 1714
20 1581
26 1514
22 1498
42 1382
6 1367
41 1341
37 1298
25 1185
17 1157
36 1039
4 917
32 766
38 672
40 551
2 538
24 468
27 420
33 413
46 368
10 367
9 282
57 274
43 267
58 263
47 221
18 209
45 206
62 168
53 163
23 161
30 161
52 153
7 150
56 137
61 135
11 130
8 128
31 119
63 114
29 92
54 87
34 86
48 79
39 69
59 59
44 51
49 36
60 33
28 22
3 18
55 10
50 9
13 8
15 7
19 5
14 4
12 2
35 1

>data/FICHIER_PROJET/49.jpg

0 12663
21 6685
63 3882
42 3443
16 1330
1 1311
20 1033
5 990
37 751
22 669
41 666
26 560
25 451
17 441
36 439
6 401
47 380
4 368
62 364
58 304
43 302
2 220
32 191
38 188
46 180
10 174
57 160
27 135
59 116
24 104
40 101
9 83
53 79
7 73
18 73
23 67
31 63
61 63
30 59
11 56
52 50
33 47
56 42
29 39
45 37
8 23
39 22
3 19
54 16
48 16
60 10
34 9
14 8
15 8
28 7
55 6
13 5
44 5
49 4
35 3
12 2
50 2
19 2

>data/FICHIER_PROJET/61.bmp

42 11479
0 3881

>data/FICHIER_PROJET/23.jpg

0 13957
21 6710
42 3610
1 1706
16 1625
20 1398
5 1352
63 1339
26 960
41 954
37 917
22 874
62 367
6 363
47 353
17 349
36 312
58 303
4 293
25 274
43 264
32 183
2 148
38 138
27 137
46 132
57 131
40 97
10 95
31 72
56 67
52 49
7 49
61 49
11 44
23 40
59 38
24 36
18 32
9 29
30 21
53 21
33 20
45 17
60 13
48 11
3 10
8 7
15 7
55 7
14 6
29 4
44 2
34 2
39 2
54 2
13 1
49 1

>data/FICHIER_PROJET/01.jpg

42 12510
21 6013
41 2171
26 2098
37 1805
22 1799
63 1707
0 1231
38 1143
43 1055
58 1039
25 928
62 709
47 701
46 672
5 656
20 645
16 559
1 533
17 417
59 287
6 212
36 208
4 127
27 98
57 89
10 70
40 56
2 53
18 43
32 43
33 42
24 30
31 27
53 25
45 25
9 24
61 23
54 21
23 20
39 17
30 16
52 10
11 9
34 8
7 4
8 4
56 4
44 3
3 2
29 2
49 1
14 1
55 1
50 1
60 1
13 1
48 1

>data/FICHIER_PROJET/56.bmp

0 20889

>data/FICHIER_PROJET/38.jpg

21 15307
42 9180
63 8198
0 3406
62 354
47 350
58 316
43 313
5 307
20 295
37 291
41 271
22 265
16 252
26 251
1 249
17 111
25 58
59 57
46 51
4 49
38 28
6 6
36 5
27 5
24 4
57 4
33 2
18 2
10 2
2 2
30 2
53 2
9 1
29 1
32 1
23 1
45 1

>data/FICHIER_PROJET/17.jpg

42 9295
0 8510
21 8309
63 7581
16 712
1 708
5 698
20 664
47 341
62 332
41 331
26 328
43 316
37 310
58 302
22 293
17 182
4 111
6 102
25 87
36 85
59 82
46 78
38 55
40 29
2 25
10 25
32 23
57 18
27 17
61 14
53 12
31 8
23 8
24 3
9 2
56 1
45 1
52 1
33 1

>data/FICHIER_PROJET/27.jpg

42 19066
63 10527
21 3316
0 987
58 791
43 769
62 667
47 658
41 438
26 425
22 350
37 347
46 323
59 210
38 168
20 160
5 160
1 143
16 135
25 94
17 91
4 57
36 34
6 26
10 8
57 7
61 7
24 6
53 5
27 4
32 4
18 4
40 2
33 2
9 2
39 1
34 1
3 1
45 1
48 1
56 1
2 1

>data/FICHIER_PROJET/55.bmp

0 19412

>data/FICHIER_PROJET/34.jpg

0 16735
21 8348
63 4406
42 3939
37 604
41 590
16 561
1 547
20 473
26 462
62 451
22 441
47 406
58 390
5 357
43 227
27 146
6 116
17 84
46 84
36 81
57 80
38 70
31 66
4 57
25 55
59 42
7 39
2 38
11 30
23 15
10 13
32 8
61 8
40 6
53 6
52 4
15 4
30 2
18 2
3 2
56 1
33 1
9 1
14 1
54 1

>data/FICHIER_PROJET/19.jpg

21 12340
42 10574
0 3975
63 3027
5 821
16 804
41 791
20 771
22 764
1 758
37 753
26 669
47 498
62 480
58 440
43 344
17 328
27 234
36 202
4 178
46 176
6 132
59 131
57 131
38 121
25 70
2 67
61 61
10 56
40 47
53 44
31 43
32 41
23 30
11 26
7 14
18 14
33 11
30 10
54 6
24 4
45 4
52 4
39 3
56 1
55 1
29 1

>data/FICHIER_PROJET/42.jpg

0 7494
42 6666
21 5482
63 5480
1 1065
16 1004
26 892
47 864
22 864
41 854
20 820
62 809
37 806
5 744
43 528
58 485
6 371
17 326
27 316
36 316
38 297
25 284
57 266
4 232
61 219
59 213
46 212
32 196
2 193
31 190
40 144
10 122
53 118
23 109
52 95
9 79
11 73
18 70
7 67
33 65
56 64
60 53
48 51
54 50
24 48
39 45
45 45
30 41
3 33
34 23
15 21
8 19
29 17
49 13
44 12
55 10
19 8
14 5
13 5
50 3
28 3
12 1

>data/FICHIER_PROJET/31.jpg

0 14990
21 13014
42 6896
1 668
16 607
20 576
5 563
63 540
22 329
26 315
41 313
37 300
4 138
17 123
25 88
58 73
38 67
43 63
47 52
62 49
36 44
6 41
40 29
32 25
10 22
2 20
46 17
33 7
57 6
59 6
9 5
31 3
18 3
34 2
7 2
27 2
45 1
11 1

>data/FICHIER_PROJET/18.jpg

63 15790
42 4689
62 3168
47 3154
43 2320
58 2316
21 1638
59 966
37 566
22 527
26 496
41 493
46 422
0 339
57 315
27 314
38 211
20 194
17 176
1 169
61 168
16 166
5 161
31 158
23 141
53 141
6 140
36 113
25 83
4 64
30 39
45 34
52 30
40 26
11 26
56 26
54 26
18 24
7 23
33 21
39 20
10 19
32 19
2 18
34 15
15 8
19 4
35 4
9 3
29 3
55 3
49 2
3 2
60 2
14 1
50 1
44 1
51 1
24 1

>data/FICHIER_PROJET/16.jpg

0 21566
63 8043
42 4728
21 3884
16 169
1 143
5 135
20 131
26 125
41 125
47 125
62 124
58 112
43 109
22 104
37 104
36 25
2 22
4 20
10 20
6 20
46 17
32 15
57 15
59 13
38 13
25 12
40 11
27 10
17 8
56 8
31 8
23 7
61 6
11 4
53 4
52 3
33 3
39 3
18 2
7 2
30 1
15 1

>data/FICHIER_PROJET/14.jpg

0 15647
21 4212
42 2479
63 2001
16 1993
1 1834
20 1797
37 1402
41 1355
6 843
62 777
5 745
58 705
26 653
47 570
27 473
22 302
31 247
36 242
57 240
2 220
4 154
7 152
17 148
46 139
25 127
11 124
23 106
10 85
43 79
59 26
30 19
38 17
32 15
40 15
15 14
3 12
9 8
18 7
53 4
45 2
61 2
24 2
56 1
52 1
14 1
19 1
34 1
33 1

>data/FICHIER_PROJET/11.jpg

0 7830
42 6123
21 6097
63 2091
1 1701
16 1490
26 1464
5 1293
22 1251
41 1245
20 1066
37 993
47 684
43 682
62 592
6 484
36 480
58 474
25 434
17 425
4 344
38 341
46 302
32 284
40 203
57 199
27 194
2 148
61 117
59 110
10 107
56 84
52 82
53 68
33 58
31 51
24 47
45 39
11 36
18 35
23 33
30 33
9 31
48 28
7 28
60 25
54 22
39 10
34 8
49 7
8 6
44 5
15 4
3 4
50 3
29 2
14 1
28 1
19 1

>data/FICHIER_PROJET/22.jpg

42 10889
63 10084
0 6331
21 3697
26 694
41 622
1 596
47 565
62 550
16 517
43 481
58 462
22 407
37 359
36 330
6 321
5 317
32 257
20 222
40 211
2 203
10 183
17 174
46 156
38 110
4 108
25 101
59 96
31 94
61 88
27 77
56 75
11 62
57 56
7 52
52 50
33 47
60 40
18 37
53 33
48 27
23 24
45 20
24 20
39 19
9 19
54 18
30 16
15 14
34 13
49 13
55 10
3 8
8 5
35 4
50 3
12 3
51 2
14 2
19 2
44 2
29 1
13 1

>data/FICHIER_PROJET/29.jpg

21 17154
0 16125
42 3691
63 844
20 292
1 289
5 288
16 272
37 197
22 191
41 175
26 169
25 46
4 46
17 43
43 35
62 33
58 32
47 27
38 25
40 8
32 8
59 4
46 3
27 1
57 1
24 1

>data/FICHIER_PROJET/28.jpg

21 9643
0 8857
42 8457
63 2692
16 1409
1 1399
20 1051
5 1033
4 774
17 536
41 516
22 491
26 461
37 456
25 268
38 188
36 177
58 174
6 154
62 146
47 144
43 141
2 98
32 98
46 67
10 61
40 58
24 53
9 52
18 42
33 40
59 31
57 28
27 27
8 27
31 17
52 15
61 14
56 12
34 11
53 11
23 10
11 9
7 9
45 8
30 7
3 6
54 5
39 4
48 2
55 2
13 2
15 2
19 1
35 1
60 1
44 1
29 1

>data/FICHIER_PROJET/54.bmp

0 18568

>data/FICHIER_PROJET/03.jpg

21 14037
42 9824
0 2150
63 1717
22 1564
41 1526
37 1502
26 1432
20 669
43 662
5 659
58 617
1 548
16 547
62 531
47 510
25 420
38 313
17 234
46 233
4 87
59 68
57 37
27 32
6 20
36 18
61 11
53 9
40 4
32 4
2 3
54 3
60 2
24 1
10 1
44 1
48 1
18 1
52 1
45 1

>data/FICHIER_PROJET/46.jpg

42 24457
63 6799
21 5764
0 1040
62 223
47 214
43 198
41 197
37 185
22 183
58 180
26 179
5 54
16 52
20 46
1 45
46 36
59 33
38 31
25 28
36 10
6 7
27 6
17 5
57 5
2 4
4 4
10 4
61 3
32 2
3 1
31 1
40 1
33 1
18 1
54 1

>data/FICHIER_PROJET/13.jpg

42 9795
63 5996
21 5474
47 1832
0 1808
62 1772
43 1764
58 1713
41 1403
22 1395
26 1384
37 1359
46 613
1 416
38 395
16 365
57 346
20 343
5 337
27 328
59 317
25 165
17 152
36 144
6 112
4 41
31 38
23 32
53 27
61 24
40 19
32 15
30 14
2 12
54 9
18 8
33 8
10 5
45 5
39 3
24 3
56 2
7 2
9 2
19 1
11 1
44 1

>data/FICHIER_PROJET/36.jpg

0 15670
21 5414
63 2896
1 1539
42 1519
16 1448
20 1425
5 1319
37 940
22 855
26 696
41 695
17 693
62 655
4 650
47 594
58 475
43 454
25 431
38 262
27 196
57 176
6 150
36 140
46 122
59 85
31 60
33 39
23 37
2 35
18 35
24 34
61 31
32 30
9 29
53 25
10 22
40 22
30 19
39 15
45 12
54 11
7 8
11 7
52 6
56 5
34 5
15 4
3 4
8 3
13 1
14 1
48 1

>data/FICHIER_PROJET/10.jpg

0 7658
42 5948
21 5854
63 2020
1 1721
26 1538
16 1503
22 1357
5 1294
41 1193
20 981
37 974
47 753
43 709
62 609
6 556
58 528
36 519
25 449
17 379
38 369
46 357
32 344
4 271
40 254
27 248
57 225
2 162
56 145
61 135
10 129
59 120
52 110
53 74
33 61
24 52
31 47
45 41
11 40
7 36
48 35
60 31
23 28
9 26
18 24
54 19
30 18
49 11
44 8
34 8
39 7
29 5
15 5
8 4
3 3
50 2
35 1
55 1
19 1

>data/FICHIER_PROJET/58.bmp

21 12801
0 3583

>data/FICHIER_PROJET/20.jpg

21 11790
0 8921
63 7093
42 6528
20 533
1 515
5 497
16 490
22 429
37 374
26 354
41 333
47 279
62 239
58 201
43 188
25 179
17 171
4 118
27 95
38 87
6 83
46 70
32 56
57 55
40 48
53 44
61 43
36 41
59 34
2 15
31 14
23 9
30 7
33 7
9 7
24 6
39 6
10 6
48 5
60 5
18 5
11 4
7 4
29 3
54 3
45 2
8 2
49 1
55 1

>data/FICHIER_PROJET/06.jpg

42 11110
21 8431
0 7005
22 1294
26 964
1 844
16 773
37 761
5 757
41 560
43 531
63 503
46 450
57 444
27 367
47 360
62 325
36 309
23 307
52 305
45 278
58 263
30 232
53 229
17 218
4 208
20 190
59 187
32 184
61 179
40 137
25 135
56 134
31 118
33 110
2 99
38 99
7 98
6 86
29 70
3 63
11 48
48 42
10 33
14 26
44 24
13 23
9 19
39 12
24 12
60 11
15 10
18 7
54 5
8 4
28 4
49 3

>data/FICHIER_PROJET/40.jpg

21 17772
0 9747
42 1208
1 1169
16 1141
20 934
5 918
63 862
22 584
37 527
41 495
26 462
4 405
17 396
25 281
62 249
47 236
43 221
36 195
58 185
38 164
6 136
2 119
46 118
32 116
27 109
61 96
31 95
57 93
59 86
23 75
52 74
10 66
53 62
45 51
7 51
56 50
24 47
40 47
9 44
11 42
30 34
18 33
33 26
54 23
29 22
3 16
48 16
8 16
39 15
15 12
60 11
55 9
14 9
34 5
13 5
44 4
49 4
19 4
35 3
50 2
28 2
12 1

>data/FICHIER_PROJET/45.jpg

42 18224
21 9578
63 6163
0 3212
41 364
26 339
37 312
22 309
58 179
62 178
43 176
47 169
38 112
1 80
25 75
20 73
16 70
5 68
36 44
46 39
6 29
17 28
10 26
18 22
4 18
59 17
57 17
40 11
27 10
23 9
2 7
31 6
61 4
32 4
9 4
24 3
33 3
39 2
11 2
53 2
30 2
8 2
54 2
15 1
52 1
56 1
19 1
34 1
45 1

>data/FICHIER_PROJET/09.jpg

42 8359
21 7752
37 2497
41 2437
26 2392
22 2341
25 1450
20 1242
38 1228
5 1102
58 1101
43 1043
63 934
17 931
62 698
47 691
46 634
1 602
16 594
0 422
6 309
59 246
4 235
36 180
27 90
24 68
57 62
33 57
9 36
10 35
18 34
54 26
2 25
40 21
32 20
30 17
45 15
34 14
39 11
23 11
61 10
31 9
29 8
53 6
8 4
19 1

>data/FICHIER_PROJET/39.jpg

21 16787
0 6343
42 3563
20 1649
5 1633
1 1351
16 1306
22 984
17 951
37 910
26 758
41 745
4 612
25 591
63 458
38 295
43 138
58 138
47 120
62 116
46 81
6 74
59 58
32 57
40 56
36 46
24 32
27 21
33 13
53 13
18 12
57 11
23 10
10 8
61 8
31 8
9 7
2 7
8 5
30 5
54 4
39 4
45 3
11 3
44 2
56 1
52 1
48 1
34 1

